DangerType: Blizzard
WaveSpeed: 0.5308619
WaveLength: 0.9299013
WaveAmplitude: 0.0138479
SecondWaveLength: 0.1666667
SecondWaveAmplitude: 0
PlacedObjects: SnowSource><1515.342><1965.872><None~-164~225~50~86.60254~0.9456522~1, SnowSource><1192.278><1753.698><Radial~187~-214~50~86.60254~1~1, SnowSource><1953.063><1815.19><Radial~293~10~50~86.60254~0.8804348~1, SnowSource><774.9261><1927.564><None~38~191~50~86.60254~1~1, SnowSource><329.4936><1979.8><None~111~229~50~86.60254~0.8913044~1, SnowSource><869.1084><1383.168><Strip~0~100~50~86.60254~1~1, SnowSource><701.4694><1393.803><Radial~2~88~50~86.60254~1~1, 
