DangerType: Blizzard
CeilingDrips: 0
WaveSpeed: 0.5478418
WaveLength: 0.8799682
WaveAmplitude: 0.02151683
SecondWaveLength: 0.1666667
SecondWaveAmplitude: 0
Effects: Coldness-1-30-30, 
PlacedObjects: LightSource><1230.535><240.053><1~Environment~0~100~50~86.60254~1~0~None~0~0, LightSource><1094.823><2199.187><1~Environment~0~100~50~86.60254~1~0~None~0~0, 
RoomSpecificScriptActive: ON
