DangerType: Blizzard
CeilingDrips: 0
WaveSpeed: 0.4780935
WaveLength: 0.9026619
WaveAmplitude: 0.01972815
SecondWaveLength: 0.1666667
SecondWaveAmplitude: 0
Effects: Coldness-1-30-30, 
PlacedObjects: LightSource><1230.535><240.053><1~Environment~0~100~50~86.60254~1~0~None~0~0, LightSource><1095.824><2197.166><1~Environment~0~100~50~86.60254~1~0~None~0~0, 
RoomSpecificScriptActive: ON
