DangerType: Blizzard
CeilingDrips: 0
WaveSpeed: 0.4932485
WaveLength: 0.992232
WaveAmplitude: 0.004609596
SecondWaveLength: 0.1666667
SecondWaveAmplitude: 0
PlacedObjects: SnowSource><458.4412><401.8086><None~543~61~50~86.60254~0.5~0.5, 
